0.000000 0.000000 0.000000 
0.000000 0.000000 0.000000,1.000000 0.000000 0.000000,2.000000 0.000000 0.000000,3.000000 0.000000 0.000000,4.000000 0.000000 0.000000,0.000000 0.000000 0.000000,-1.000000 0.000000 0.000000,-2.000000 0.000000 0.000000,-3.000000 0.000000 0.000000,-4.000000 0.000000 0.000000,
0.000000 0.000000 0.000000 
0.000000 0.000000 0.000000,1.000000 0.000000 0.000000,2.000000 0.000000 0.000000,3.000000 0.000000 0.000000,4.000000 0.000000 0.000000,0.000000 0.000000 0.000000,-1.000000 0.000000 0.000000,-2.000000 0.000000 0.000000,-3.000000 0.000000 0.000000,-4.000000 0.000000 0.000000,
0.000000 0.000000 0.000000 
0.000000 0.000000 0.000000,1.000000 -0.000000 0.000000,2.000000 -0.000000 0.000000,3.000000 -0.000000 0.000000,4.000000 -0.000000 0.000000,0.000000 0.000000 0.000000,-1.000000 -0.000000 0.000000,-2.000000 -0.000000 0.000000,-3.000000 -0.000000 0.000000,-4.000000 -0.000000 0.000000,
0.000000 0.000000 0.000000 
0.000000 0.000000 0.000000,1.000000 -0.000000 0.000000,2.000000 -0.000000 0.000000,3.000000 -0.000000 0.000000,4.000000 -0.000000 0.000000,0.000000 0.000000 0.000000,-1.000000 -0.000000 0.000000,-2.000000 -0.000000 0.000000,-3.000000 -0.000000 0.000000,-4.000000 -0.000000 0.000000,
0.000000 0.000000 0.000000 
0.000000 0.000000 0.000000,1.000000 -0.000001 0.000000,2.000000 -0.000001 0.000000,3.000000 -0.000001 0.000000,4.000000 -0.000001 0.000000,0.000000 0.000000 0.000000,-1.000000 -0.000001 0.000000,-2.000000 -0.000001 0.000000,-3.000000 -0.000001 0.000000,-4.000000 -0.000001 0.000000,
0.000000 0.000000 0.000000 
0.000000 0.000000 0.000000,1.000000 -0.000001 0.000000,2.000000 -0.000001 0.000000,3.000000 -0.000001 0.000000,4.000000 -0.000001 0.000000,0.000000 0.000000 0.000000,-1.000000 -0.000001 0.000000,-2.000000 -0.000001 0.000000,-3.000000 -0.000001 0.000000,-4.000000 -0.000001 0.000000,
0.000000 0.000000 0.000000 
0.000000 0.000000 0.000000,1.000000 -0.000001 0.000000,2.000000 -0.000001 0.000000,3.000000 -0.000001 0.000000,4.000000 -0.000001 0.000000,0.000000 0.000000 0.000000,-1.000000 -0.000001 0.000000,-2.000000 -0.000001 0.000000,-3.000000 -0.000001 0.000000,-4.000000 -0.000001 0.000000,
0.000000 0.000000 0.000000 
0.000000 0.000000 0.000000,1.000000 -0.000002 0.000000,2.000000 -0.000002 0.000000,3.000000 -0.000002 0.000000,4.000000 -0.000002 0.000000,0.000000 0.000000 0.000000,-1.000000 -0.000002 0.000000,-2.000000 -0.000002 0.000000,-3.000000 -0.000002 0.000000,-4.000000 -0.000002 0.000000,
0.000000 0.000000 0.000000 
0.000000 0.000000 0.000000,1.000000 -0.000003 0.000000,2.000000 -0.000003 0.000000,3.000000 -0.000003 0.000000,4.000000 -0.000003 0.000000,0.000000 0.000000 0.000000,-1.000000 -0.000003 0.000000,-2.000000 -0.000003 0.000000,-3.000000 -0.000003 0.000000,-4.000000 -0.000003 0.000000,
0.000000 0.000000 0.000000 
0.000000 0.000000 0.000000,1.000000 -0.000004 0.000000,2.000000 -0.000004 0.000000,3.000000 -0.000004 0.000000,4.000000 -0.000004 0.000000,0.000000 0.000000 0.000000,-1.000000 -0.000004 0.000000,-2.000000 -0.000004 0.000000,-3.000000 -0.000004 0.000000,-4.000000 -0.000004 0.000000,
0.000000 0.000000 0.000000 
0.000000 0.000000 0.000000,1.000000 -0.000004 0.000000,2.000000 -0.000004 0.000000,3.000000 -0.000004 0.000000,4.000000 -0.000004 0.000000,0.000000 0.000000 0.000000,-1.000000 -0.000004 0.000000,-2.000000 -0.000004 0.000000,-3.000000 -0.000004 0.000000,-4.000000 -0.000004 0.000000,
0.000000 0.000000 0.000000 
0.000000 0.000000 0.000000,1.000000 -0.000005 0.000000,2.000000 -0.000005 0.000000,3.000000 -0.000005 0.000000,4.000000 -0.000005 0.000000,0.000000 0.000000 0.000000,-1.000000 -0.000005 0.000000,-2.000000 -0.000005 0.000000,-3.000000 -0.000005 0.000000,-4.000000 -0.000005 0.000000,
0.000000 0.000000 0.000000 
0.000000 0.000000 0.000000,1.000000 -0.000006 0.000000,2.000000 -0.000006 0.000000,3.000000 -0.000006 0.000000,4.000000 -0.000006 0.000000,0.000000 0.000000 0.000000,-1.000000 -0.000006 0.000000,-2.000000 -0.000006 0.000000,-3.000000 -0.000006 0.000000,-4.000000 -0.000006 0.000000,
0.000000 0.000000 0.000000 
0.000000 0.000000 0.000000,1.000000 -0.000008 0.000000,2.000000 -0.000008 0.000000,3.000000 -0.000008 0.000000,4.000000 -0.000008 0.000000,0.000000 0.000000 0.000000,-1.000000 -0.000008 0.000000,-2.000000 -0.000008 0.000000,-3.000000 -0.000008 0.000000,-4.000000 -0.000008 0.000000,
0.000000 0.000000 0.000000 
0.000000 0.000000 0.000000,1.000000 -0.000009 0.000000,2.000000 -0.000009 0.000000,3.000000 -0.000009 0.000000,4.000000 -0.000009 0.000000,0.000000 0.000000 0.000000,-1.000000 -0.000009 0.000000,-2.000000 -0.000009 0.000000,-3.000000 -0.000009 0.000000,-4.000000 -0.000009 0.000000,
0.000000 0.000000 0.000000 
0.000000 0.000000 0.000000,1.000000 -0.000010 0.000000,2.000000 -0.000010 0.000000,3.000000 -0.000010 0.000000,4.000000 -0.000010 0.000000,0.000000 0.000000 0.000000,-1.000000 -0.000010 0.000000,-2.000000 -0.000010 0.000000,-3.000000 -0.000010 0.000000,-4.000000 -0.000010 0.000000,
0.000000 0.000000 0.000000 
0.000000 0.000000 0.000000,1.000000 -0.000012 0.000000,2.000000 -0.000012 0.000000,3.000000 -0.000012 0.000000,4.000000 -0.000012 0.000000,0.000000 0.000000 0.000000,-1.000000 -0.000012 0.000000,-2.000000 -0.000012 0.000000,-3.000000 -0.000012 0.000000,-4.000000 -0.000012 0.000000,
0.000000 0.000000 0.000000 
0.000000 0.000000 0.000000,1.000000 -0.000013 0.000000,2.000000 -0.000013 0.000000,3.000000 -0.000013 0.000000,4.000000 -0.000013 0.000000,0.000000 0.000000 0.000000,-1.000000 -0.000013 0.000000,-2.000000 -0.000013 0.000000,-3.000000 -0.000013 0.000000,-4.000000 -0.000013 0.000000,
0.000000 0.000000 0.000000 
0.000000 0.000000 0.000000,1.000000 -0.000015 0.000000,2.000000 -0.000015 0.000000,3.000000 -0.000015 0.000000,4.000000 -0.000015 0.000000,0.000000 0.000000 0.000000,-1.000000 -0.000015 0.000000,-2.000000 -0.000015 0.000000,-3.000000 -0.000015 0.000000,-4.000000 -0.000015 0.000000,
0.000000 0.000000 0.000000 
0.000000 0.000000 0.000000,1.000000 -0.000017 0.000000,2.000000 -0.000017 0.000000,3.000000 -0.000017 0.000000,4.000000 -0.000017 0.000000,0.000000 0.000000 0.000000,-1.000000 -0.000017 0.000000,-2.000000 -0.000017 0.000000,-3.000000 -0.000017 0.000000,-4.000000 -0.000017 0.000000,
0.000000 0.000000 0.000000 
0.000000 0.000000 0.000000,1.000000 -0.000019 0.000000,2.000000 -0.000019 0.000000,3.000000 -0.000019 0.000000,4.000000 -0.000019 0.000000,0.000000 0.000000 0.000000,-1.000000 -0.000019 0.000000,-2.000000 -0.000019 0.000000,-3.000000 -0.000019 0.000000,-4.000000 -0.000019 0.000000,
0.000000 0.000000 0.000000 
0.000000 0.000000 0.000000,1.000000 -0.000021 0.000000,2.000000 -0.000021 0.000000,3.000000 -0.000021 0.000000,4.000000 -0.000021 0.000000,0.000000 0.000000 0.000000,-1.000000 -0.000021 0.000000,-2.000000 -0.000021 0.000000,-3.000000 -0.000021 0.000000,-4.000000 -0.000021 0.000000,
0.000000 0.000000 0.000000 
0.000000 0.000000 0.000000,1.000000 -0.000023 0.000000,2.000000 -0.000023 0.000000,3.000000 -0.000023 0.000000,4.000000 -0.000023 0.000000,0.000000 0.000000 0.000000,-1.000000 -0.000023 0.000000,-2.000000 -0.000023 0.000000,-3.000000 -0.000023 0.000000,-4.000000 -0.000023 0.000000,
0.000000 0.000000 0.000000 
0.000000 0.000000 0.000000,1.000000 -0.000025 0.000000,2.000000 -0.000025 0.000000,3.000000 -0.000025 0.000000,4.000000 -0.000025 0.000000,0.000000 0.000000 0.000000,-1.000000 -0.000025 0.000000,-2.000000 -0.000025 0.000000,-3.000000 -0.000025 0.000000,-4.000000 -0.000025 0.000000,
0.000000 0.000000 0.000000 
0.000000 0.000000 0.000000,1.000000 -0.000027 0.000000,2.000000 -0.000027 0.000000,3.000000 -0.000027 0.000000,4.000000 -0.000027 0.000000,0.000000 0.000000 0.000000,-1.000000 -0.000027 0.000000,-2.000000 -0.000027 0.000000,-3.000000 -0.000027 0.000000,-4.000000 -0.000027 0.000000,
0.000000 0.000000 0.000000 
0.000000 0.000000 0.000000,1.000000 -0.000029 0.000000,2.000000 -0.000029 0.000000,3.000000 -0.000029 0.000000,4.000000 -0.000029 0.000000,0.000000 0.000000 0.000000,-1.000000 -0.000029 0.000000,-2.000000 -0.000029 0.000000,-3.000000 -0.000029 0.000000,-4.000000 -0.000029 0.000000,
0.000000 0.000000 0.000000 
0.000000 0.000000 0.000000,1.000000 -0.000032 0.000000,2.000000 -0.000032 0.000000,3.000000 -0.000032 0.000000,4.000000 -0.000032 0.000000,0.000000 0.000000 0.000000,-1.000000 -0.000032 0.000000,-2.000000 -0.000032 0.000000,-3.000000 -0.000032 0.000000,-4.000000 -0.000032 0.000000,
0.000000 0.000000 0.000000 
0.000000 0.000000 0.000000,1.000000 -0.000034 0.000000,2.000000 -0.000034 0.000000,3.000000 -0.000034 0.000000,4.000000 -0.000034 0.000000,0.000000 0.000000 0.000000,-1.000000 -0.000034 0.000000,-2.000000 -0.000034 0.000000,-3.000000 -0.000034 0.000000,-4.000000 -0.000034 0.000000,
0.000000 0.000000 0.000000 
0.000000 0.000000 0.000000,1.000000 -0.000037 0.000000,2.000000 -0.000037 0.000000,3.000000 -0.000037 0.000000,4.000000 -0.000037 0.000000,0.000000 0.000000 0.000000,-1.000000 -0.000037 0.000000,-2.000000 -0.000037 0.000000,-3.000000 -0.000037 0.000000,-4.000000 -0.000037 0.000000,
0.000000 0.000000 0.000000 
0.000000 0.000000 0.000000,1.000000 -0.000040 0.000000,2.000000 -0.000040 0.000000,3.000000 -0.000040 0.000000,4.000000 -0.000040 0.000000,0.000000 0.000000 0.000000,-1.000000 -0.000040 0.000000,-2.000000 -0.000040 0.000000,-3.000000 -0.000040 0.000000,-4.000000 -0.000040 0.000000,
0.000000 0.000000 0.000000 
0.000000 0.000000 0.000000,1.000000 -0.000043 0.000000,2.000000 -0.000043 0.000000,3.000000 -0.000043 0.000000,4.000000 -0.000043 0.000000,0.000000 0.000000 0.000000,-1.000000 -0.000043 0.000000,-2.000000 -0.000043 0.000000,-3.000000 -0.000043 0.000000,-4.000000 -0.000043 0.000000,
0.000000 0.000000 0.000000 
0.000000 0.000000 0.000000,1.000000 -0.000046 0.000000,2.000000 -0.000046 0.000000,3.000000 -0.000046 0.000000,4.000000 -0.000046 0.000000,0.000000 0.000000 0.000000,-1.000000 -0.000046 0.000000,-2.000000 -0.000046 0.000000,-3.000000 -0.000046 0.000000,-4.000000 -0.000046 0.000000,
0.000000 0.000000 0.000000 
0.000000 0.000000 0.000000,1.000000 -0.000049 0.000000,2.000000 -0.000049 0.000000,3.000000 -0.000049 0.000000,4.000000 -0.000049 0.000000,0.000000 0.000000 0.000000,-1.000000 -0.000049 0.000000,-2.000000 -0.000049 0.000000,-3.000000 -0.000049 0.000000,-4.000000 -0.000049 0.000000,
0.000000 0.000000 0.000000 
0.000000 0.000000 0.000000,1.000000 -0.000052 0.000000,2.000000 -0.000052 0.000000,3.000000 -0.000052 0.000000,4.000000 -0.000052 0.000000,0.000000 0.000000 0.000000,-1.000000 -0.000052 0.000000,-2.000000 -0.000052 0.000000,-3.000000 -0.000052 0.000000,-4.000000 -0.000052 0.000000,
0.000000 0.000000 0.000000 
0.000000 0.000000 0.000000,1.000000 -0.000055 0.000000,2.000000 -0.000055 0.000000,3.000000 -0.000055 0.000000,4.000000 -0.000055 0.000000,0.000000 0.000000 0.000000,-1.000000 -0.000055 0.000000,-2.000000 -0.000055 0.000000,-3.000000 -0.000055 0.000000,-4.000000 -0.000055 0.000000,
0.000000 0.000000 0.000000 
0.000000 0.000000 0.000000,1.000000 -0.000058 0.000000,2.000000 -0.000058 0.000000,3.000000 -0.000058 0.000000,4.000000 -0.000058 0.000000,0.000000 0.000000 0.000000,-1.000000 -0.000058 0.000000,-2.000000 -0.000058 0.000000,-3.000000 -0.000058 0.000000,-4.000000 -0.000058 0.000000,
0.000000 0.000000 0.000000 
0.000000 0.000000 0.000000,1.000000 -0.000062 0.000000,2.000000 -0.000062 0.000000,3.000000 -0.000062 0.000000,4.000000 -0.000062 0.000000,0.000000 0.000000 0.000000,-1.000000 -0.000062 0.000000,-2.000000 -0.000062 0.000000,-3.000000 -0.000062 0.000000,-4.000000 -0.000062 0.000000,
0.000000 0.000000 0.000000 
0.000000 0.000000 0.000000,1.000000 -0.000065 0.000000,2.000000 -0.000065 0.000000,3.000000 -0.000065 0.000000,4.000000 -0.000065 0.000000,0.000000 0.000000 0.000000,-1.000000 -0.000065 0.000000,-2.000000 -0.000065 0.000000,-3.000000 -0.000065 0.000000,-4.000000 -0.000065 0.000000,
0.000000 0.000000 0.000000 
0.000000 0.000000 0.000000,1.000000 -0.000069 0.000000,2.000000 -0.000069 0.000000,3.000000 -0.000069 0.000000,4.000000 -0.000069 0.000000,0.000000 0.000000 0.000000,-1.000000 -0.000069 0.000000,-2.000000 -0.000069 0.000000,-3.000000 -0.000069 0.000000,-4.000000 -0.000069 0.000000,
0.000000 0.000000 0.000000 
0.000000 0.000000 0.000000,1.000000 -0.000073 0.000000,2.000000 -0.000073 0.000000,3.000000 -0.000073 0.000000,4.000000 -0.000073 0.000000,0.000000 0.000000 0.000000,-1.000000 -0.000073 0.000000,-2.000000 -0.000073 0.000000,-3.000000 -0.000073 0.000000,-4.000000 -0.000073 0.000000,
0.000000 0.000000 0.000000 
0.000000 0.000000 0.000000,1.000000 -0.000076 0.000000,2.000000 -0.000076 0.000000,3.000000 -0.000076 0.000000,4.000000 -0.000076 0.000000,0.000000 0.000000 0.000000,-1.000000 -0.000076 0.000000,-2.000000 -0.000076 0.000000,-3.000000 -0.000076 0.000000,-4.000000 -0.000076 0.000000,
0.000000 0.000000 0.000000 
0.000000 0.000000 0.000000,1.000000 -0.000080 0.000000,2.000000 -0.000080 0.000000,3.000000 -0.000080 0.000000,4.000000 -0.000080 0.000000,0.000000 0.000000 0.000000,-1.000000 -0.000080 0.000000,-2.000000 -0.000080 0.000000,-3.000000 -0.000080 0.000000,-4.000000 -0.000080 0.000000,
0.000000 0.000000 0.000000 
0.000000 0.000000 0.000000,1.000000 -0.000084 0.000000,2.000000 -0.000084 0.000000,3.000000 -0.000084 0.000000,4.000000 -0.000084 0.000000,0.000000 0.000000 0.000000,-1.000000 -0.000084 0.000000,-2.000000 -0.000084 0.000000,-3.000000 -0.000084 0.000000,-4.000000 -0.000084 0.000000,
0.000000 0.000000 0.000000 
0.000000 0.000000 0.000000,1.000000 -0.000088 0.000000,2.000000 -0.000088 0.000000,3.000000 -0.000088 0.000000,4.000000 -0.000088 0.000000,0.000000 0.000000 0.000000,-1.000000 -0.000088 0.000000,-2.000000 -0.000088 0.000000,-3.000000 -0.000088 0.000000,-4.000000 -0.000088 0.000000,
0.000000 0.000000 0.000000 
0.000000 0.000000 0.000000,1.000000 -0.000093 0.000000,2.000000 -0.000093 0.000000,3.000000 -0.000093 0.000000,4.000000 -0.000093 0.000000,0.000000 0.000000 0.000000,-1.000000 -0.000093 0.000000,-2.000000 -0.000093 0.000000,-3.000000 -0.000093 0.000000,-4.000000 -0.000093 0.000000,
0.000000 0.000000 0.000000 
0.000000 0.000000 0.000000,1.000000 -0.000097 0.000000,2.000000 -0.000097 0.000000,3.000000 -0.000097 0.000000,4.000000 -0.000097 0.000000,0.000000 0.000000 0.000000,-1.000000 -0.000097 0.000000,-2.000000 -0.000097 0.000000,-3.000000 -0.000097 0.000000,-4.000000 -0.000097 0.000000,
0.000000 0.000000 0.000000 
0.000000 0.000000 0.000000,1.000000 -0.000101 0.000000,2.000000 -0.000101 0.000000,3.000000 -0.000101 0.000000,4.000000 -0.000101 0.000000,0.000000 0.000000 0.000000,-1.000000 -0.000101 0.000000,-2.000000 -0.000101 0.000000,-3.000000 -0.000101 0.000000,-4.000000 -0.000101 0.000000,
0.000000 0.000000 0.000000 
0.000000 0.000000 0.000000,1.000000 -0.000106 0.000000,2.000000 -0.000106 0.000000,3.000000 -0.000106 0.000000,4.000000 -0.000106 0.000000,0.000000 0.000000 0.000000,-1.000000 -0.000106 0.000000,-2.000000 -0.000106 0.000000,-3.000000 -0.000106 0.000000,-4.000000 -0.000106 0.000000,
0.000000 0.000000 0.000000 
0.000000 0.000000 0.000000,1.000000 -0.000111 0.000000,2.000000 -0.000111 0.000000,3.000000 -0.000111 0.000000,4.000000 -0.000111 0.000000,0.000000 0.000000 0.000000,-1.000000 -0.000111 0.000000,-2.000000 -0.000111 0.000000,-3.000000 -0.000111 0.000000,-4.000000 -0.000111 0.000000,
0.000000 0.000000 0.000000 
0.000000 0.000000 0.000000,1.000000 -0.000115 0.000000,2.000000 -0.000115 0.000000,3.000000 -0.000115 0.000000,4.000000 -0.000115 0.000000,0.000000 0.000000 0.000000,-1.000000 -0.000115 0.000000,-2.000000 -0.000115 0.000000,-3.000000 -0.000115 0.000000,-4.000000 -0.000115 0.000000,
0.000000 0.000000 0.000000 
0.000000 0.000000 0.000000,1.000000 -0.000120 0.000000,2.000000 -0.000120 0.000000,3.000000 -0.000120 0.000000,4.000000 -0.000120 0.000000,0.000000 0.000000 0.000000,-1.000000 -0.000120 0.000000,-2.000000 -0.000120 0.000000,-3.000000 -0.000120 0.000000,-4.000000 -0.000120 0.000000,
0.000000 0.000000 0.000000 
0.000000 0.000000 0.000000,1.000000 -0.000125 0.000000,2.000000 -0.000125 0.000000,3.000000 -0.000125 0.000000,4.000000 -0.000125 0.000000,0.000000 0.000000 0.000000,-1.000000 -0.000125 0.000000,-2.000000 -0.000125 0.000000,-3.000000 -0.000125 0.000000,-4.000000 -0.000125 0.000000,
0.000000 0.000000 0.000000 
0.000000 0.000000 0.000000,1.000000 -0.000130 0.000000,2.000000 -0.000130 0.000000,3.000000 -0.000130 0.000000,4.000000 -0.000130 0.000000,0.000000 0.000000 0.000000,-1.000000 -0.000130 0.000000,-2.000000 -0.000130 0.000000,-3.000000 -0.000130 0.000000,-4.000000 -0.000130 0.000000,
0.000000 0.000000 0.000000 
0.000000 0.000000 0.000000,1.000000 -0.000135 0.000000,2.000000 -0.000135 0.000000,3.000000 -0.000135 0.000000,4.000000 -0.000135 0.000000,0.000000 0.000000 0.000000,-1.000000 -0.000135 0.000000,-2.000000 -0.000135 0.000000,-3.000000 -0.000135 0.000000,-4.000000 -0.000135 0.000000,
0.000000 0.000000 0.000000 
0.000000 0.000000 0.000000,1.000000 -0.000140 0.000000,2.000000 -0.000140 0.000000,3.000000 -0.000140 0.000000,4.000000 -0.000140 0.000000,0.000000 0.000000 0.000000,-1.000000 -0.000140 0.000000,-2.000000 -0.000140 0.000000,-3.000000 -0.000140 0.000000,-4.000000 -0.000140 0.000000,
0.000000 0.000000 0.000000 
0.000000 0.000000 0.000000,1.000000 -0.000146 0.000000,2.000000 -0.000146 0.000000,3.000000 -0.000146 0.000000,4.000000 -0.000146 0.000000,0.000000 0.000000 0.000000,-1.000000 -0.000146 0.000000,-2.000000 -0.000146 0.000000,-3.000000 -0.000146 0.000000,-4.000000 -0.000146 0.000000,
0.000000 0.000000 0.000000 
0.000000 0.000000 0.000000,1.000000 -0.000151 0.000000,2.000000 -0.000151 0.000000,3.000000 -0.000151 0.000000,4.000000 -0.000151 0.000000,0.000000 0.000000 0.000000,-1.000000 -0.000151 0.000000,-2.000000 -0.000151 0.000000,-3.000000 -0.000151 0.000000,-4.000000 -0.000151 0.000000,
0.000000 0.000000 0.000000 
0.000000 0.000000 0.000000,1.000000 -0.000156 0.000000,2.000000 -0.000156 0.000000,3.000000 -0.000156 0.000000,4.000000 -0.000156 0.000000,0.000000 0.000000 0.000000,-1.000000 -0.000156 0.000000,-2.000000 -0.000156 0.000000,-3.000000 -0.000156 0.000000,-4.000000 -0.000156 0.000000,
0.000000 0.000000 0.000000 
0.000000 0.000000 0.000000,1.000000 -0.000162 0.000000,2.000000 -0.000162 0.000000,3.000000 -0.000162 0.000000,4.000000 -0.000162 0.000000,0.000000 0.000000 0.000000,-1.000000 -0.000162 0.000000,-2.000000 -0.000162 0.000000,-3.000000 -0.000162 0.000000,-4.000000 -0.000162 0.000000,
0.000000 0.000000 0.000000 
0.000000 0.000000 0.000000,1.000000 -0.000168 0.000000,2.000000 -0.000168 0.000000,3.000000 -0.000168 0.000000,4.000000 -0.000168 0.000000,0.000000 0.000000 0.000000,-1.000000 -0.000168 0.000000,-2.000000 -0.000168 0.000000,-3.000000 -0.000168 0.000000,-4.000000 -0.000168 0.000000,
0.000000 0.000000 0.000000 
0.000000 0.000000 0.000000,1.000000 -0.000173 0.000000,2.000000 -0.000173 0.000000,3.000000 -0.000173 0.000000,4.000000 -0.000173 0.000000,0.000000 0.000000 0.000000,-1.000000 -0.000173 0.000000,-2.000000 -0.000173 0.000000,-3.000000 -0.000173 0.000000,-4.000000 -0.000173 0.000000,
0.000000 0.000000 0.000000 
0.000000 0.000000 0.000000,1.000000 -0.000179 0.000000,2.000000 -0.000179 0.000000,3.000000 -0.000179 0.000000,4.000000 -0.000179 0.000000,0.000000 0.000000 0.000000,-1.000000 -0.000179 0.000000,-2.000000 -0.000179 0.000000,-3.000000 -0.000179 0.000000,-4.000000 -0.000179 0.000000,
0.000000 0.000000 0.000000 
0.000000 0.000000 0.000000,1.000000 -0.000185 0.000000,2.000000 -0.000185 0.000000,3.000000 -0.000185 0.000000,4.000000 -0.000185 0.000000,0.000000 0.000000 0.000000,-1.000000 -0.000185 0.000000,-2.000000 -0.000185 0.000000,-3.000000 -0.000185 0.000000,-4.000000 -0.000185 0.000000,
0.000000 0.000000 0.000000 
0.000000 0.000000 0.000000,1.000000 -0.000191 0.000000,2.000000 -0.000191 0.000000,3.000000 -0.000191 0.000000,4.000000 -0.000191 0.000000,0.000000 0.000000 0.000000,-1.000000 -0.000191 0.000000,-2.000000 -0.000191 0.000000,-3.000000 -0.000191 0.000000,-4.000000 -0.000191 0.000000,
0.000000 0.000000 0.000000 
0.000000 0.000000 0.000000,1.000000 -0.000198 0.000000,2.000000 -0.000198 0.000000,3.000000 -0.000198 0.000000,4.000000 -0.000198 0.000000,0.000000 0.000000 0.000000,-1.000000 -0.000198 0.000000,-2.000000 -0.000198 0.000000,-3.000000 -0.000198 0.000000,-4.000000 -0.000198 0.000000,
0.000000 0.000000 0.000000 
0.000000 0.000000 0.000000,1.000000 -0.000204 0.000000,2.000000 -0.000204 0.000000,3.000000 -0.000204 0.000000,4.000000 -0.000204 0.000000,0.000000 0.000000 0.000000,-1.000000 -0.000204 0.000000,-2.000000 -0.000204 0.000000,-3.000000 -0.000204 0.000000,-4.000000 -0.000204 0.000000,
0.000000 0.000000 0.000000 
0.000000 0.000000 0.000000,1.000000 -0.000210 0.000000,2.000000 -0.000210 0.000000,3.000000 -0.000210 0.000000,4.000000 -0.000210 0.000000,0.000000 0.000000 0.000000,-1.000000 -0.000210 0.000000,-2.000000 -0.000210 0.000000,-3.000000 -0.000210 0.000000,-4.000000 -0.000210 0.000000,
0.000000 0.000000 0.000000 
0.000000 0.000000 0.000000,1.000000 -0.000217 0.000000,2.000000 -0.000217 0.000000,3.000000 -0.000217 0.000000,4.000000 -0.000217 0.000000,0.000000 0.000000 0.000000,-1.000000 -0.000217 0.000000,-2.000000 -0.000217 0.000000,-3.000000 -0.000217 0.000000,-4.000000 -0.000217 0.000000,
0.000000 0.000000 0.000000 
0.000000 0.000000 0.000000,1.000000 -0.000223 0.000000,2.000000 -0.000223 0.000000,3.000000 -0.000223 0.000000,4.000000 -0.000223 0.000000,0.000000 0.000000 0.000000,-1.000000 -0.000223 0.000000,-2.000000 -0.000223 0.000000,-3.000000 -0.000223 0.000000,-4.000000 -0.000223 0.000000,
0.000000 0.000000 0.000000 
0.000000 0.000000 0.000000,1.000000 -0.000230 0.000000,2.000000 -0.000230 0.000000,3.000000 -0.000230 0.000000,4.000000 -0.000230 0.000000,0.000000 0.000000 0.000000,-1.000000 -0.000230 0.000000,-2.000000 -0.000230 0.000000,-3.000000 -0.000230 0.000000,-4.000000 -0.000230 0.000000,
0.000000 0.000000 0.000000 
0.000000 0.000000 0.000000,1.000000 -0.000237 0.000000,2.000000 -0.000237 0.000000,3.000000 -0.000237 0.000000,4.000000 -0.000237 0.000000,0.000000 0.000000 0.000000,-1.000000 -0.000237 0.000000,-2.000000 -0.000237 0.000000,-3.000000 -0.000237 0.000000,-4.000000 -0.000237 0.000000,
0.000000 0.000000 0.000000 
0.000000 0.000000 0.000000,1.000000 -0.000244 0.000000,2.000000 -0.000244 0.000000,3.000000 -0.000244 0.000000,4.000000 -0.000244 0.000000,0.000000 0.000000 0.000000,-1.000000 -0.000244 0.000000,-2.000000 -0.000244 0.000000,-3.000000 -0.000244 0.000000,-4.000000 -0.000244 0.000000,
0.000000 0.000000 0.000000 
0.000000 0.000000 0.000000,1.000000 -0.000250 0.000000,2.000000 -0.000250 0.000000,3.000000 -0.000250 0.000000,4.000000 -0.000250 0.000000,0.000000 0.000000 0.000000,-1.000000 -0.000250 0.000000,-2.000000 -0.000250 0.000000,-3.000000 -0.000250 0.000000,-4.000000 -0.000250 0.000000,
0.000000 0.000000 0.000000 
0.000000 0.000000 0.000000,1.000000 -0.000258 0.000000,2.000000 -0.000258 0.000000,3.000000 -0.000258 0.000000,4.000000 -0.000258 0.000000,0.000000 0.000000 0.000000,-1.000000 -0.000258 0.000000,-2.000000 -0.000258 0.000000,-3.000000 -0.000258 0.000000,-4.000000 -0.000258 0.000000,
0.000000 0.000000 0.000000 
0.000000 0.000000 0.000000,1.000000 -0.000265 0.000000,2.000000 -0.000265 0.000000,3.000000 -0.000265 0.000000,4.000000 -0.000265 0.000000,0.000000 0.000000 0.000000,-1.000000 -0.000265 0.000000,-2.000000 -0.000265 0.000000,-3.000000 -0.000265 0.000000,-4.000000 -0.000265 0.000000,
0.000000 0.000000 0.000000 
0.000000 0.000000 0.000000,1.000000 -0.000272 0.000000,2.000000 -0.000272 0.000000,3.000000 -0.000272 0.000000,4.000000 -0.000272 0.000000,0.000000 0.000000 0.000000,-1.000000 -0.000272 0.000000,-2.000000 -0.000272 0.000000,-3.000000 -0.000272 0.000000,-4.000000 -0.000272 0.000000,
0.000000 0.000000 0.000000 
0.000000 0.000000 0.000000,1.000000 -0.000279 0.000000,2.000000 -0.000279 0.000000,3.000000 -0.000279 0.000000,4.000000 -0.000279 0.000000,0.000000 0.000000 0.000000,-1.000000 -0.000279 0.000000,-2.000000 -0.000279 0.000000,-3.000000 -0.000279 0.000000,-4.000000 -0.000279 0.000000,
0.000000 0.000000 0.000000 
0.000000 0.000000 0.000000,1.000000 -0.000287 0.000000,2.000000 -0.000287 0.000000,3.000000 -0.000287 0.000000,4.000000 -0.000287 0.000000,0.000000 0.000000 0.000000,-1.000000 -0.000287 0.000000,-2.000000 -0.000287 0.000000,-3.000000 -0.000287 0.000000,-4.000000 -0.000287 0.000000,
0.000000 0.000000 0.000000 
0.000000 0.000000 0.000000,1.000000 -0.000294 0.000000,2.000000 -0.000294 0.000000,3.000000 -0.000294 0.000000,4.000000 -0.000294 0.000000,0.000000 0.000000 0.000000,-1.000000 -0.000294 0.000000,-2.000000 -0.000294 0.000000,-3.000000 -0.000294 0.000000,-4.000000 -0.000294 0.000000,
0.000000 0.000000 0.000000 
0.000000 0.000000 0.000000,1.000000 -0.000302 0.000000,2.000000 -0.000302 0.000000,3.000000 -0.000302 0.000000,4.000000 -0.000302 0.000000,0.000000 0.000000 0.000000,-1.000000 -0.000302 0.000000,-2.000000 -0.000302 0.000000,-3.000000 -0.000302 0.000000,-4.000000 -0.000302 0.000000,
0.000000 0.000000 0.000000 
0.000000 0.000000 0.000000,1.000000 -0.000310 0.000000,2.000000 -0.000310 0.000000,3.000000 -0.000310 0.000000,4.000000 -0.000310 0.000000,0.000000 0.000000 0.000000,-1.000000 -0.000310 0.000000,-2.000000 -0.000310 0.000000,-3.000000 -0.000310 0.000000,-4.000000 -0.000310 0.000000,
0.000000 0.000000 0.000000 
0.000000 0.000000 0.000000,1.000000 -0.000318 0.000000,2.000000 -0.000318 0.000000,3.000000 -0.000318 0.000000,4.000000 -0.000318 0.000000,0.000000 0.000000 0.000000,-1.000000 -0.000318 0.000000,-2.000000 -0.000318 0.000000,-3.000000 -0.000318 0.000000,-4.000000 -0.000318 0.000000,
0.000000 0.000000 0.000000 
0.000000 0.000000 0.000000,1.000000 -0.000325 0.000000,2.000000 -0.000325 0.000000,3.000000 -0.000325 0.000000,4.000000 -0.000325 0.000000,0.000000 0.000000 0.000000,-1.000000 -0.000325 0.000000,-2.000000 -0.000325 0.000000,-3.000000 -0.000325 0.000000,-4.000000 -0.000325 0.000000,
0.000000 0.000000 0.000000 
0.000000 0.000000 0.000000,1.000000 -0.000333 0.000000,2.000000 -0.000333 0.000000,3.000000 -0.000333 0.000000,4.000000 -0.000333 0.000000,0.000000 0.000000 0.000000,-1.000000 -0.000333 0.000000,-2.000000 -0.000333 0.000000,-3.000000 -0.000333 0.000000,-4.000000 -0.000333 0.000000,
0.000000 0.000000 0.000000 
0.000000 0.000000 0.000000,1.000000 -0.000342 0.000000,2.000000 -0.000342 0.000000,3.000000 -0.000342 0.000000,4.000000 -0.000342 0.000000,0.000000 0.000000 0.000000,-1.000000 -0.000342 0.000000,-2.000000 -0.000342 0.000000,-3.000000 -0.000342 0.000000,-4.000000 -0.000342 0.000000,
0.000000 0.000000 0.000000 
0.000000 0.000000 0.000000,1.000000 -0.000350 0.000000,2.000000 -0.000350 0.000000,3.000000 -0.000350 0.000000,4.000000 -0.000350 0.000000,0.000000 0.000000 0.000000,-1.000000 -0.000350 0.000000,-2.000000 -0.000350 0.000000,-3.000000 -0.000350 0.000000,-4.000000 -0.000350 0.000000,
0.000000 0.000000 0.000000 
0.000000 0.000000 0.000000,1.000000 -0.000358 0.000000,2.000000 -0.000358 0.000000,3.000000 -0.000358 0.000000,4.000000 -0.000358 0.000000,0.000000 0.000000 0.000000,-1.000000 -0.000358 0.000000,-2.000000 -0.000358 0.000000,-3.000000 -0.000358 0.000000,-4.000000 -0.000358 0.000000,
0.000000 0.000000 0.000000 
0.000000 0.000000 0.000000,1.000000 -0.000367 0.000000,2.000000 -0.000367 0.000000,3.000000 -0.000367 0.000000,4.000000 -0.000367 0.000000,0.000000 0.000000 0.000000,-1.000000 -0.000367 0.000000,-2.000000 -0.000367 0.000000,-3.000000 -0.000367 0.000000,-4.000000 -0.000367 0.000000,
0.000000 0.000000 0.000000 
0.000000 0.000000 0.000000,1.000000 -0.000375 0.000000,2.000000 -0.000375 0.000000,3.000000 -0.000375 0.000000,4.000000 -0.000375 0.000000,0.000000 0.000000 0.000000,-1.000000 -0.000375 0.000000,-2.000000 -0.000375 0.000000,-3.000000 -0.000375 0.000000,-4.000000 -0.000375 0.000000,
0.000000 0.000000 0.000000 
0.000000 0.000000 0.000000,1.000000 -0.000384 0.000000,2.000000 -0.000384 0.000000,3.000000 -0.000384 0.000000,4.000000 -0.000384 0.000000,0.000000 0.000000 0.000000,-1.000000 -0.000384 0.000000,-2.000000 -0.000384 0.000000,-3.000000 -0.000384 0.000000,-4.000000 -0.000384 0.000000,
0.000000 0.000000 0.000000 
0.000000 0.000000 0.000000,1.000000 -0.000392 0.000000,2.000000 -0.000392 0.000000,3.000000 -0.000392 0.000000,4.000000 -0.000392 0.000000,0.000000 0.000000 0.000000,-1.000000 -0.000392 0.000000,-2.000000 -0.000392 0.000000,-3.000000 -0.000392 0.000000,-4.000000 -0.000392 0.000000,
0.000000 0.000000 0.000000 
0.000000 0.000000 0.000000,1.000000 -0.000401 0.000000,2.000000 -0.000401 0.000000,3.000000 -0.000401 0.000000,4.000000 -0.000401 0.000000,0.000000 0.000000 0.000000,-1.000000 -0.000401 0.000000,-2.000000 -0.000401 0.000000,-3.000000 -0.000401 0.000000,-4.000000 -0.000401 0.000000,
0.000000 0.000000 0.000000 
0.000000 0.000000 0.000000,1.000000 -0.000410 0.000000,2.000000 -0.000410 0.000000,3.000000 -0.000410 0.000000,4.000000 -0.000410 0.000000,0.000000 0.000000 0.000000,-1.000000 -0.000410 0.000000,-2.000000 -0.000410 0.000000,-3.000000 -0.000410 0.000000,-4.000000 -0.000410 0.000000,
0.000000 0.000000 0.000000 
0.000000 0.000000 0.000000,1.000000 -0.000419 0.000000,2.000000 -0.000419 0.000000,3.000000 -0.000419 0.000000,4.000000 -0.000419 0.000000,0.000000 0.000000 0.000000,-1.000000 -0.000419 0.000000,-2.000000 -0.000419 0.000000,-3.000000 -0.000419 0.000000,-4.000000 -0.000419 0.000000,
0.000000 0.000000 0.000000 
0.000000 0.000000 0.000000,1.000000 -0.000428 0.000000,2.000000 -0.000428 0.000000,3.000000 -0.000428 0.000000,4.000000 -0.000428 0.000000,0.000000 0.000000 0.000000,-1.000000 -0.000428 0.000000,-2.000000 -0.000428 0.000000,-3.000000 -0.000428 0.000000,-4.000000 -0.000428 0.000000,
0.000000 0.000000 0.000000 
0.000000 0.000000 0.000000,1.000000 -0.000438 0.000000,2.000000 -0.000438 0.000000,3.000000 -0.000438 0.000000,4.000000 -0.000438 0.000000,0.000000 0.000000 0.000000,-1.000000 -0.000438 0.000000,-2.000000 -0.000438 0.000000,-3.000000 -0.000438 0.000000,-4.000000 -0.000438 0.000000,
0.000000 0.000000 0.000000 
0.000000 0.000000 0.000000,1.000000 -0.000447 0.000000,2.000000 -0.000447 0.000000,3.000000 -0.000447 0.000000,4.000000 -0.000447 0.000000,0.000000 0.000000 0.000000,-1.000000 -0.000447 0.000000,-2.000000 -0.000447 0.000000,-3.000000 -0.000447 0.000000,-4.000000 -0.000447 0.000000,
0.000000 0.000000 0.000000 
0.000000 0.000000 0.000000,1.000000 -0.000456 0.000000,2.000000 -0.000456 0.000000,3.000000 -0.000456 0.000000,4.000000 -0.000456 0.000000,0.000000 0.000000 0.000000,-1.000000 -0.000456 0.000000,-2.000000 -0.000456 0.000000,-3.000000 -0.000456 0.000000,-4.000000 -0.000456 0.000000,
0.000000 0.000000 0.000000 
0.000000 0.000000 0.000000,1.000000 -0.000466 0.000000,2.000000 -0.000466 0.000000,3.000000 -0.000466 0.000000,4.000000 -0.000466 0.000000,0.000000 0.000000 0.000000,-1.000000 -0.000466 0.000000,-2.000000 -0.000466 0.000000,-3.000000 -0.000466 0.000000,-4.000000 -0.000466 0.000000,
0.000000 0.000000 0.000000 
0.000000 0.000000 0.000000,1.000000 -0.000475 0.000000,2.000000 -0.000475 0.000000,3.000000 -0.000475 0.000000,4.000000 -0.000475 0.000000,0.000000 0.000000 0.000000,-1.000000 -0.000475 0.000000,-2.000000 -0.000475 0.000000,-3.000000 -0.000475 0.000000,-4.000000 -0.000475 0.000000,
0.000000 0.000000 0.000000 
0.000000 0.000000 0.000000,1.000000 -0.000485 0.000000,2.000000 -0.000485 0.000000,3.000000 -0.000485 0.000000,4.000000 -0.000485 0.000000,0.000000 0.000000 0.000000,-1.000000 -0.000485 0.000000,-2.000000 -0.000485 0.000000,-3.000000 -0.000485 0.000000,-4.000000 -0.000485 0.000000,
0.000000 0.000000 0.000000 
0.000000 0.000000 0.000000,1.000000 -0.000495 0.000000,2.000000 -0.000495 0.000000,3.000000 -0.000495 0.000000,4.000000 -0.000495 0.000000,0.000000 0.000000 0.000000,-1.000000 -0.000495 0.000000,-2.000000 -0.000495 0.000000,-3.000000 -0.000495 0.000000,-4.000000 -0.000495 0.000000,
0.000000 0.000000 0.000000 
0.000000 0.000000 0.000000,1.000000 -0.000505 0.000000,2.000000 -0.000505 0.000000,3.000000 -0.000505 0.000000,4.000000 -0.000505 0.000000,0.000000 0.000000 0.000000,-1.000000 -0.000505 0.000000,-2.000000 -0.000505 0.000000,-3.000000 -0.000505 0.000000,-4.000000 -0.000505 0.000000,
0.000000 0.000000 0.000000 
0.000000 0.000000 0.000000,1.000000 -0.000515 0.000000,2.000000 -0.000515 0.000000,3.000000 -0.000515 0.000000,4.000000 -0.000515 0.000000,0.000000 0.000000 0.000000,-1.000000 -0.000515 0.000000,-2.000000 -0.000515 0.000000,-3.000000 -0.000515 0.000000,-4.000000 -0.000515 0.000000,
0.000000 0.000000 0.000000 
0.000000 0.000000 0.000000,1.000000 -0.000525 0.000000,2.000000 -0.000525 0.000000,3.000000 -0.000525 0.000000,4.000000 -0.000525 0.000000,0.000000 0.000000 0.000000,-1.000000 -0.000525 0.000000,-2.000000 -0.000525 0.000000,-3.000000 -0.000525 0.000000,-4.000000 -0.000525 0.000000,
0.000000 0.000000 0.000000 
0.000000 0.000000 0.000000,1.000000 -0.000535 0.000000,2.000000 -0.000535 0.000000,3.000000 -0.000535 0.000000,4.000000 -0.000535 0.000000,0.000000 0.000000 0.000000,-1.000000 -0.000535 0.000000,-2.000000 -0.000535 0.000000,-3.000000 -0.000535 0.000000,-4.000000 -0.000535 0.000000,
0.000000 0.000000 0.000000 
0.000000 0.000000 0.000000,1.000000 -0.000545 0.000000,2.000000 -0.000545 0.000000,3.000000 -0.000545 0.000000,4.000000 -0.000545 0.000000,0.000000 0.000000 0.000000,-1.000000 -0.000545 0.000000,-2.000000 -0.000545 0.000000,-3.000000 -0.000545 0.000000,-4.000000 -0.000545 0.000000,
0.000000 0.000000 0.000000 
0.000000 0.000000 0.000000,1.000000 -0.000556 0.000000,2.000000 -0.000556 0.000000,3.000000 -0.000556 0.000000,4.000000 -0.000556 0.000000,0.000000 0.000000 0.000000,-1.000000 -0.000556 0.000000,-2.000000 -0.000556 0.000000,-3.000000 -0.000556 0.000000,-4.000000 -0.000556 0.000000,
0.000000 0.000000 0.000000 
0.000000 0.000000 0.000000,1.000000 -0.000566 0.000000,2.000000 -0.000566 0.000000,3.000000 -0.000566 0.000000,4.000000 -0.000566 0.000000,0.000000 0.000000 0.000000,-1.000000 -0.000566 0.000000,-2.000000 -0.000566 0.000000,-3.000000 -0.000566 0.000000,-4.000000 -0.000566 0.000000,
0.000000 0.000000 0.000000 
0.000000 0.000000 0.000000,1.000000 -0.000577 0.000000,2.000000 -0.000577 0.000000,3.000000 -0.000577 0.000000,4.000000 -0.000577 0.000000,0.000000 0.000000 0.000000,-1.000000 -0.000577 0.000000,-2.000000 -0.000577 0.000000,-3.000000 -0.000577 0.000000,-4.000000 -0.000577 0.000000,
0.000000 0.000000 0.000000 
0.000000 0.000000 0.000000,1.000000 -0.000588 0.000000,2.000000 -0.000588 0.000000,3.000000 -0.000588 0.000000,4.000000 -0.000588 0.000000,0.000000 0.000000 0.000000,-1.000000 -0.000588 0.000000,-2.000000 -0.000588 0.000000,-3.000000 -0.000588 0.000000,-4.000000 -0.000588 0.000000,
0.000000 0.000000 0.000000 
0.000000 0.000000 0.000000,1.000000 -0.000598 0.000000,2.000000 -0.000598 0.000000,3.000000 -0.000598 0.000000,4.000000 -0.000598 0.000000,0.000000 0.000000 0.000000,-1.000000 -0.000598 0.000000,-2.000000 -0.000598 0.000000,-3.000000 -0.000598 0.000000,-4.000000 -0.000598 0.000000,
0.000000 0.000000 0.000000 
0.000000 0.000000 0.000000,1.000000 -0.000609 0.000000,2.000000 -0.000609 0.000000,3.000000 -0.000609 0.000000,4.000000 -0.000609 0.000000,0.000000 0.000000 0.000000,-1.000000 -0.000609 0.000000,-2.000000 -0.000609 0.000000,-3.000000 -0.000609 0.000000,-4.000000 -0.000609 0.000000,
0.000000 0.000000 0.000000 
0.000000 0.000000 0.000000,1.000000 -0.000620 0.000000,2.000000 -0.000620 0.000000,3.000000 -0.000620 0.000000,4.000000 -0.000620 0.000000,0.000000 0.000000 0.000000,-1.000000 -0.000620 0.000000,-2.000000 -0.000620 0.000000,-3.000000 -0.000620 0.000000,-4.000000 -0.000620 0.000000,
0.000000 0.000000 0.000000 
0.000000 0.000000 0.000000,1.000000 -0.000631 0.000000,2.000000 -0.000631 0.000000,3.000000 -0.000631 0.000000,4.000000 -0.000631 0.000000,0.000000 0.000000 0.000000,-1.000000 -0.000631 0.000000,-2.000000 -0.000631 0.000000,-3.000000 -0.000631 0.000000,-4.000000 -0.000631 0.000000,
0.000000 0.000000 0.000000 
0.000000 0.000000 0.000000,1.000000 -0.000642 0.000000,2.000000 -0.000642 0.000000,3.000000 -0.000642 0.000000,4.000000 -0.000642 0.000000,0.000000 0.000000 0.000000,-1.000000 -0.000642 0.000000,-2.000000 -0.000642 0.000000,-3.000000 -0.000642 0.000000,-4.000000 -0.000642 0.000000,
0.000000 0.000000 0.000000 
0.000000 0.000000 0.000000,1.000000 -0.000654 0.000000,2.000000 -0.000654 0.000000,3.000000 -0.000654 0.000000,4.000000 -0.000654 0.000000,0.000000 0.000000 0.000000,-1.000000 -0.000654 0.000000,-2.000000 -0.000654 0.000000,-3.000000 -0.000654 0.000000,-4.000000 -0.000654 0.000000,
0.000000 0.000000 0.000000 
0.000000 0.000000 0.000000,1.000000 -0.000665 0.000000,2.000000 -0.000665 0.000000,3.000000 -0.000665 0.000000,4.000000 -0.000665 0.000000,0.000000 0.000000 0.000000,-1.000000 -0.000665 0.000000,-2.000000 -0.000665 0.000000,-3.000000 -0.000665 0.000000,-4.000000 -0.000665 0.000000,
0.000000 0.000000 0.000000 
0.000000 0.000000 0.000000,1.000000 -0.000676 0.000000,2.000000 -0.000676 0.000000,3.000000 -0.000676 0.000000,4.000000 -0.000676 0.000000,0.000000 0.000000 0.000000,-1.000000 -0.000676 0.000000,-2.000000 -0.000676 0.000000,-3.000000 -0.000676 0.000000,-4.000000 -0.000676 0.000000,
0.000000 0.000000 0.000000 
0.000000 0.000000 0.000000,1.000000 -0.000688 0.000000,2.000000 -0.000688 0.000000,3.000000 -0.000688 0.000000,4.000000 -0.000688 0.000000,0.000000 0.000000 0.000000,-1.000000 -0.000688 0.000000,-2.000000 -0.000688 0.000000,-3.000000 -0.000688 0.000000,-4.000000 -0.000688 0.000000,
0.000000 0.000000 0.000000 
0.000000 0.000000 0.000000,1.000000 -0.000700 0.000000,2.000000 -0.000700 0.000000,3.000000 -0.000700 0.000000,4.000000 -0.000700 0.000000,0.000000 0.000000 0.000000,-1.000000 -0.000700 0.000000,-2.000000 -0.000700 0.000000,-3.000000 -0.000700 0.000000,-4.000000 -0.000700 0.000000,
0.000000 0.000000 0.000000 
0.000000 0.000000 0.000000,1.000000 -0.000711 0.000000,2.000000 -0.000711 0.000000,3.000000 -0.000711 0.000000,4.000000 -0.000711 0.000000,0.000000 0.000000 0.000000,-1.000000 -0.000711 0.000000,-2.000000 -0.000711 0.000000,-3.000000 -0.000711 0.000000,-4.000000 -0.000711 0.000000,
0.000000 0.000000 0.000000 
0.000000 0.000000 0.000000,1.000000 -0.000723 0.000000,2.000000 -0.000723 0.000000,3.000000 -0.000723 0.000000,4.000000 -0.000723 0.000000,0.000000 0.000000 0.000000,-1.000000 -0.000723 0.000000,-2.000000 -0.000723 0.000000,-3.000000 -0.000723 0.000000,-4.000000 -0.000723 0.000000,
0.000000 0.000000 0.000000 
0.000000 0.000000 0.000000,1.000000 -0.000735 0.000000,2.000000 -0.000735 0.000000,3.000000 -0.000735 0.000000,4.000000 -0.000735 0.000000,0.000000 0.000000 0.000000,-1.000000 -0.000735 0.000000,-2.000000 -0.000735 0.000000,-3.000000 -0.000735 0.000000,-4.000000 -0.000735 0.000000,
0.000000 0.000000 0.000000 
0.000000 0.000000 0.000000,1.000000 -0.000747 0.000000,2.000000 -0.000747 0.000000,3.000000 -0.000747 0.000000,4.000000 -0.000747 0.000000,0.000000 0.000000 0.000000,-1.000000 -0.000747 0.000000,-2.000000 -0.000747 0.000000,-3.000000 -0.000747 0.000000,-4.000000 -0.000747 0.000000,
0.000000 0.000000 0.000000 
0.000000 0.000000 0.000000,1.000000 -0.000759 0.000000,2.000000 -0.000759 0.000000,3.000000 -0.000759 0.000000,4.000000 -0.000759 0.000000,0.000000 0.000000 0.000000,-1.000000 -0.000759 0.000000,-2.000000 -0.000759 0.000000,-3.000000 -0.000759 0.000000,-4.000000 -0.000759 0.000000,
0.000000 0.000000 0.000000 
0.000000 0.000000 0.000000,1.000000 -0.000772 0.000000,2.000000 -0.000772 0.000000,3.000000 -0.000772 0.000000,4.000000 -0.000772 0.000000,0.000000 0.000000 0.000000,-1.000000 -0.000772 0.000000,-2.000000 -0.000772 0.000000,-3.000000 -0.000772 0.000000,-4.000000 -0.000772 0.000000,
0.000000 0.000000 0.000000 
0.000000 0.000000 0.000000,1.000000 -0.000784 0.000000,2.000000 -0.000784 0.000000,3.000000 -0.000784 0.000000,4.000000 -0.000784 0.000000,0.000000 0.000000 0.000000,-1.000000 -0.000784 0.000000,-2.000000 -0.000784 0.000000,-3.000000 -0.000784 0.000000,-4.000000 -0.000784 0.000000,
0.000000 0.000000 0.000000 
0.000000 0.000000 0.000000,1.000000 -0.000797 0.000000,2.000000 -0.000797 0.000000,3.000000 -0.000797 0.000000,4.000000 -0.000797 0.000000,0.000000 0.000000 0.000000,-1.000000 -0.000797 0.000000,-2.000000 -0.000797 0.000000,-3.000000 -0.000797 0.000000,-4.000000 -0.000797 0.000000,
0.000000 0.000000 0.000000 
0.000000 0.000000 0.000000,1.000000 -0.000809 0.000000,2.000000 -0.000809 0.000000,3.000000 -0.000809 0.000000,4.000000 -0.000809 0.000000,0.000000 0.000000 0.000000,-1.000000 -0.000809 0.000000,-2.000000 -0.000809 0.000000,-3.000000 -0.000809 0.000000,-4.000000 -0.000809 0.000000,
0.000000 0.000000 0.000000 
0.000000 0.000000 0.000000,1.000000 -0.000822 0.000000,2.000000 -0.000822 0.000000,3.000000 -0.000822 0.000000,4.000000 -0.000822 0.000000,0.000000 0.000000 0.000000,-1.000000 -0.000822 0.000000,-2.000000 -0.000822 0.000000,-3.000000 -0.000822 0.000000,-4.000000 -0.000822 0.000000,
0.000000 0.000000 0.000000 
0.000000 0.000000 0.000000,1.000000 -0.000834 0.000000,2.000000 -0.000834 0.000000,3.000000 -0.000834 0.000000,4.000000 -0.000834 0.000000,0.000000 0.000000 0.000000,-1.000000 -0.000834 0.000000,-2.000000 -0.000834 0.000000,-3.000000 -0.000834 0.000000,-4.000000 -0.000834 0.000000,
0.000000 0.000000 0.000000 
0.000000 0.000000 0.000000,1.000000 -0.000847 0.000000,2.000000 -0.000847 0.000000,3.000000 -0.000847 0.000000,4.000000 -0.000847 0.000000,0.000000 0.000000 0.000000,-1.000000 -0.000847 0.000000,-2.000000 -0.000847 0.000000,-3.000000 -0.000847 0.000000,-4.000000 -0.000847 0.000000,
0.000000 0.000000 0.000000 
0.000000 0.000000 0.000000,1.000000 -0.000860 0.000000,2.000000 -0.000860 0.000000,3.000000 -0.000860 0.000000,4.000000 -0.000860 0.000000,0.000000 0.000000 0.000000,-1.000000 -0.000860 0.000000,-2.000000 -0.000860 0.000000,-3.000000 -0.000860 0.000000,-4.000000 -0.000860 0.000000,
0.000000 0.000000 0.000000 
0.000000 0.000000 0.000000,1.000000 -0.000873 0.000000,2.000000 -0.000873 0.000000,3.000000 -0.000873 0.000000,4.000000 -0.000873 0.000000,0.000000 0.000000 0.000000,-1.000000 -0.000873 0.000000,-2.000000 -0.000873 0.000000,-3.000000 -0.000873 0.000000,-4.000000 -0.000873 0.000000,
0.000000 0.000000 0.000000 
0.000000 0.000000 0.000000,1.000000 -0.000886 0.000000,2.000000 -0.000886 0.000000,3.000000 -0.000886 0.000000,4.000000 -0.000886 0.000000,0.000000 0.000000 0.000000,-1.000000 -0.000886 0.000000,-2.000000 -0.000886 0.000000,-3.000000 -0.000886 0.000000,-4.000000 -0.000886 0.000000,
0.000000 0.000000 0.000000 
0.000000 0.000000 0.000000,1.000000 -0.000900 0.000000,2.000000 -0.000900 0.000000,3.000000 -0.000900 0.000000,4.000000 -0.000900 0.000000,0.000000 0.000000 0.000000,-1.000000 -0.000900 0.000000,-2.000000 -0.000900 0.000000,-3.000000 -0.000900 0.000000,-4.000000 -0.000900 0.000000,
0.000000 0.000000 0.000000 
0.000000 0.000000 0.000000,1.000000 -0.000913 0.000000,2.000000 -0.000913 0.000000,3.000000 -0.000913 0.000000,4.000000 -0.000913 0.000000,0.000000 0.000000 0.000000,-1.000000 -0.000913 0.000000,-2.000000 -0.000913 0.000000,-3.000000 -0.000913 0.000000,-4.000000 -0.000913 0.000000,
0.000000 0.000000 0.000000 
0.000000 0.000000 0.000000,1.000000 -0.000926 0.000000,2.000000 -0.000926 0.000000,3.000000 -0.000926 0.000000,4.000000 -0.000926 0.000000,0.000000 0.000000 0.000000,-1.000000 -0.000926 0.000000,-2.000000 -0.000926 0.000000,-3.000000 -0.000926 0.000000,-4.000000 -0.000926 0.000000,
0.000000 0.000000 0.000000 
0.000000 0.000000 0.000000,1.000000 -0.000940 0.000000,2.000000 -0.000940 0.000000,3.000000 -0.000940 0.000000,4.000000 -0.000940 0.000000,0.000000 0.000000 0.000000,-1.000000 -0.000940 0.000000,-2.000000 -0.000940 0.000000,-3.000000 -0.000940 0.000000,-4.000000 -0.000940 0.000000,
0.000000 0.000000 0.000000 
0.000000 0.000000 0.000000,1.000000 -0.000954 0.000000,2.000000 -0.000954 0.000000,3.000000 -0.000954 0.000000,4.000000 -0.000954 0.000000,0.000000 0.000000 0.000000,-1.000000 -0.000954 0.000000,-2.000000 -0.000954 0.000000,-3.000000 -0.000954 0.000000,-4.000000 -0.000954 0.000000,
0.000000 0.000000 0.000000 
0.000000 0.000000 0.000000,1.000000 -0.000967 0.000000,2.000000 -0.000967 0.000000,3.000000 -0.000967 0.000000,4.000000 -0.000967 0.000000,0.000000 0.000000 0.000000,-1.000000 -0.000967 0.000000,-2.000000 -0.000967 0.000000,-3.000000 -0.000967 0.000000,-4.000000 -0.000967 0.000000,
0.000000 0.000000 0.000000 
0.000000 0.000000 0.000000,1.000000 -0.000981 0.000000,2.000000 -0.000981 0.000000,3.000000 -0.000981 0.000000,4.000000 -0.000981 0.000000,0.000000 0.000000 0.000000,-1.000000 -0.000981 0.000000,-2.000000 -0.000981 0.000000,-3.000000 -0.000981 0.000000,-4.000000 -0.000981 0.000000,
0.000000 0.000000 0.000000 
0.000000 0.000000 0.000000,1.000000 -0.000995 0.000000,2.000000 -0.000995 0.000000,3.000000 -0.000995 0.000000,4.000000 -0.000995 0.000000,0.000000 0.000000 0.000000,-1.000000 -0.000995 0.000000,-2.000000 -0.000995 0.000000,-3.000000 -0.000995 0.000000,-4.000000 -0.000995 0.000000,
0.000000 0.000000 0.000000 
0.000000 0.000000 0.000000,1.000000 -0.001009 0.000000,2.000000 -0.001009 0.000000,3.000000 -0.001009 0.000000,4.000000 -0.001009 0.000000,0.000000 0.000000 0.000000,-1.000000 -0.001009 0.000000,-2.000000 -0.001009 0.000000,-3.000000 -0.001009 0.000000,-4.000000 -0.001009 0.000000,
0.000000 0.000000 0.000000 
0.000000 0.000000 0.000000,1.000000 -0.001023 0.000000,2.000000 -0.001023 0.000000,3.000000 -0.001023 0.000000,4.000000 -0.001023 0.000000,0.000000 0.000000 0.000000,-1.000000 -0.001023 0.000000,-2.000000 -0.001023 0.000000,-3.000000 -0.001023 0.000000,-4.000000 -0.001023 0.000000,
0.000000 0.000000 0.000000 
0.000000 0.000000 0.000000,0.999999 -0.001037 0.000000,2.000000 -0.001037 0.000000,3.000000 -0.001037 0.000000,4.000000 -0.001037 0.000000,0.000000 0.000000 0.000000,-0.999999 -0.001037 0.000000,-2.000000 -0.001037 0.000000,-3.000000 -0.001037 0.000000,-4.000000 -0.001037 0.000000,
0.000000 0.000000 0.000000 
0.000000 0.000000 0.000000,0.999999 -0.001052 0.000000,1.999999 -0.001052 0.000000,3.000000 -0.001052 0.000000,4.000000 -0.001052 0.000000,0.000000 0.000000 0.000000,-0.999999 -0.001052 0.000000,-1.999999 -0.001052 0.000000,-3.000000 -0.001052 0.000000,-4.000000 -0.001052 0.000000,
0.000000 0.000000 0.000000 
0.000000 0.000000 0.000000,0.999999 -0.001066 0.000000,1.999999 -0.001066 0.000000,2.999999 -0.001066 0.000000,3.999999 -0.001066 0.000000,0.000000 0.000000 0.000000,-0.999999 -0.001066 0.000000,-1.999999 -0.001066 0.000000,-2.999999 -0.001066 0.000000,-3.999999 -0.001066 0.000000,
0.000000 0.000000 0.000000 
0.000000 0.000000 0.000000,0.999999 -0.001081 0.000000,1.999999 -0.001081 0.000000,2.999999 -0.001081 0.000000,3.999999 -0.001081 0.000000,0.000000 0.000000 0.000000,-0.999999 -0.001081 0.000000,-1.999999 -0.001081 0.000000,-2.999999 -0.001081 0.000000,-3.999999 -0.001081 0.000000,
0.000000 0.000000 0.000000 
0.000000 0.000000 0.000000,0.999999 -0.001095 0.000000,1.999999 -0.001095 0.000000,2.999999 -0.001095 0.000000,3.999999 -0.001095 0.000000,0.000000 0.000000 0.000000,-0.999999 -0.001095 0.000000,-1.999999 -0.001095 0.000000,-2.999999 -0.001095 0.000000,-3.999999 -0.001095 0.000000,
0.000000 0.000000 0.000000 
0.000000 0.000000 0.000000,0.999999 -0.001110 0.000000,1.999999 -0.001110 0.000000,2.999999 -0.001110 0.000000,3.999999 -0.001110 0.000000,0.000000 0.000000 0.000000,-0.999999 -0.001110 0.000000,-1.999999 -0.001110 0.000000,-2.999999 -0.001110 0.000000,-3.999999 -0.001110 0.000000,
0.000000 0.000000 0.000000 
0.000000 0.000000 0.000000,0.999999 -0.001125 0.000000,1.999999 -0.001125 0.000000,2.999999 -0.001125 0.000000,3.999999 -0.001125 0.000000,0.000000 0.000000 0.000000,-0.999999 -0.001125 0.000000,-1.999999 -0.001125 0.000000,-2.999999 -0.001125 0.000000,-3.999999 -0.001125 0.000000,
0.000000 0.000000 0.000000 
0.000000 0.000000 0.000000,0.999999 -0.001140 0.000000,1.999999 -0.001140 0.000000,2.999999 -0.001140 0.000000,3.999999 -0.001140 0.000000,0.000000 0.000000 0.000000,-0.999999 -0.001140 0.000000,-1.999999 -0.001140 0.000000,-2.999999 -0.001140 0.000000,-3.999999 -0.001140 0.000000,
0.000000 0.000000 0.000000 
0.000000 0.000000 0.000000,0.999999 -0.001155 0.000000,1.999999 -0.001155 0.000000,2.999999 -0.001155 0.000000,3.999999 -0.001155 0.000000,0.000000 0.000000 0.000000,-0.999999 -0.001155 0.000000,-1.999999 -0.001155 0.000000,-2.999999 -0.001155 0.000000,-3.999999 -0.001155 0.000000,
0.000000 0.000000 0.000000 
0.000000 0.000000 0.000000,0.999999 -0.001170 0.000000,1.999999 -0.001170 0.000000,2.999999 -0.001170 0.000000,3.999999 -0.001170 0.000000,0.000000 0.000000 0.000000,-0.999999 -0.001170 0.000000,-1.999999 -0.001170 0.000000,-2.999999 -0.001170 0.000000,-3.999999 -0.001170 0.000000,
0.000000 0.000000 0.000000 
0.000000 0.000000 0.000000,0.999999 -0.001185 0.000000,1.999999 -0.001185 0.000000,2.999999 -0.001185 0.000000,3.999999 -0.001185 0.000000,0.000000 0.000000 0.000000,-0.999999 -0.001185 0.000000,-1.999999 -0.001185 0.000000,-2.999999 -0.001185 0.000000,-3.999999 -0.001185 0.000000,
0.000000 0.000000 0.000000 
0.000000 0.000000 0.000000,0.999999 -0.001200 0.000000,1.999999 -0.001200 0.000000,2.999999 -0.001200 0.000000,3.999999 -0.001200 0.000000,0.000000 0.000000 0.000000,-0.999999 -0.001200 0.000000,-1.999999 -0.001200 0.000000,-2.999999 -0.001200 0.000000,-3.999999 -0.001200 0.000000,
0.000000 0.000000 0.000000 
0.000000 0.000000 0.000000,0.999999 -0.001215 0.000000,1.999999 -0.001215 0.000000,2.999999 -0.001215 0.000000,3.999999 -0.001215 0.000000,0.000000 0.000000 0.000000,-0.999999 -0.001215 0.000000,-1.999999 -0.001215 0.000000,-2.999999 -0.001215 0.000000,-3.999999 -0.001215 0.000000,
0.000000 0.000000 0.000000 
0.000000 0.000000 0.000000,0.999999 -0.001231 0.000000,1.999999 -0.001231 0.000000,2.999999 -0.001231 0.000000,3.999999 -0.001231 0.000000,0.000000 0.000000 0.000000,-0.999999 -0.001231 0.000000,-1.999999 -0.001231 0.000000,-2.999999 -0.001231 0.000000,-3.999999 -0.001231 0.000000,
0.000000 0.000000 0.000000 
0.000000 0.000000 0.000000,0.999999 -0.001247 0.000000,1.999999 -0.001247 0.000000,2.999999 -0.001247 0.000000,3.999999 -0.001247 0.000000,0.000000 0.000000 0.000000,-0.999999 -0.001247 0.000000,-1.999999 -0.001247 0.000000,-2.999999 -0.001247 0.000000,-3.999999 -0.001247 0.000000,
0.000000 0.000000 0.000000 
0.000000 0.000000 0.000000,0.999999 -0.001262 0.000000,1.999999 -0.001262 0.000000,2.999999 -0.001262 0.000000,3.999999 -0.001262 0.000000,0.000000 0.000000 0.000000,-0.999999 -0.001262 0.000000,-1.999999 -0.001262 0.000000,-2.999999 -0.001262 0.000000,-3.999999 -0.001262 0.000000,
0.000000 0.000000 0.000000 
0.000000 0.000000 0.000000,0.999999 -0.001278 0.000000,1.999999 -0.001278 0.000000,2.999999 -0.001278 0.000000,3.999999 -0.001278 0.000000,0.000000 0.000000 0.000000,-0.999999 -0.001278 0.000000,-1.999999 -0.001278 0.000000,-2.999999 -0.001278 0.000000,-3.999999 -0.001278 0.000000,
0.000000 0.000000 0.000000 
0.000000 0.000000 0.000000,0.999999 -0.001294 0.000000,1.999999 -0.001294 0.000000,2.999999 -0.001294 0.000000,3.999999 -0.001294 0.000000,0.000000 0.000000 0.000000,-0.999999 -0.001294 0.000000,-1.999999 -0.001294 0.000000,-2.999999 -0.001294 0.000000,-3.999999 -0.001294 0.000000,
0.000000 0.000000 0.000000 
0.000000 0.000000 0.000000,0.999999 -0.001310 0.000000,1.999999 -0.001310 0.000000,2.999999 -0.001310 0.000000,3.999999 -0.001310 0.000000,0.000000 0.000000 0.000000,-0.999999 -0.001310 0.000000,-1.999999 -0.001310 0.000000,-2.999999 -0.001310 0.000000,-3.999999 -0.001310 0.000000,
0.000000 0.000000 0.000000 
0.000000 0.000000 0.000000,0.999999 -0.001326 0.000000,1.999999 -0.001326 0.000000,2.999999 -0.001326 0.000000,3.999999 -0.001326 0.000000,0.000000 0.000000 0.000000,-0.999999 -0.001326 0.000000,-1.999999 -0.001326 0.000000,-2.999999 -0.001326 0.000000,-3.999999 -0.001326 0.000000,
0.000000 0.000000 0.000000 
0.000000 0.000000 0.000000,0.999999 -0.001342 0.000000,1.999999 -0.001342 0.000000,2.999999 -0.001342 0.000000,3.999999 -0.001342 0.000000,0.000000 0.000000 0.000000,-0.999999 -0.001342 0.000000,-1.999999 -0.001342 0.000000,-2.999999 -0.001342 0.000000,-3.999999 -0.001342 0.000000,
0.000000 0.000000 0.000000 
0.000000 0.000000 0.000000,0.999999 -0.001358 0.000000,1.999999 -0.001358 0.000000,2.999999 -0.001358 0.000000,3.999999 -0.001358 0.000000,0.000000 0.000000 0.000000,-0.999999 -0.001358 0.000000,-1.999999 -0.001358 0.000000,-2.999999 -0.001358 0.000000,-3.999999 -0.001358 0.000000,
0.000000 0.000000 0.000000 
0.000000 0.000000 0.000000,0.999999 -0.001375 0.000000,1.999999 -0.001375 0.000000,2.999999 -0.001375 0.000000,3.999999 -0.001375 0.000000,0.000000 0.000000 0.000000,-0.999999 -0.001375 0.000000,-1.999999 -0.001375 0.000000,-2.999999 -0.001375 0.000000,-3.999999 -0.001375 0.000000,
0.000000 0.000000 0.000000 
0.000000 0.000000 0.000000,0.999999 -0.001391 0.000000,1.999999 -0.001391 0.000000,2.999999 -0.001391 0.000000,3.999999 -0.001391 0.000000,0.000000 0.000000 0.000000,-0.999999 -0.001391 0.000000,-1.999999 -0.001391 0.000000,-2.999999 -0.001391 0.000000,-3.999999 -0.001391 0.000000,
0.000000 0.000000 0.000000 
0.000000 0.000000 0.000000,0.999999 -0.001408 0.000000,1.999999 -0.001408 0.000000,2.999999 -0.001408 0.000000,3.999999 -0.001408 0.000000,0.000000 0.000000 0.000000,-0.999999 -0.001408 0.000000,-1.999999 -0.001408 0.000000,-2.999999 -0.001408 0.000000,-3.999999 -0.001408 0.000000,
0.000000 0.000000 0.000000 
0.000000 0.000000 0.000000,0.999999 -0.001424 0.000000,1.999999 -0.001424 0.000000,2.999999 -0.001424 0.000000,3.999999 -0.001424 0.000000,0.000000 0.000000 0.000000,-0.999999 -0.001424 0.000000,-1.999999 -0.001424 0.000000,-2.999999 -0.001424 0.000000,-3.999999 -0.001424 0.000000,
0.000000 0.000000 0.000000 
0.000000 0.000000 0.000000,0.999999 -0.001441 0.000000,1.999999 -0.001441 0.000000,2.999999 -0.001441 0.000000,3.999999 -0.001441 0.000000,0.000000 0.000000 0.000000,-0.999999 -0.001441 0.000000,-1.999999 -0.001441 0.000000,-2.999999 -0.001441 0.000000,-3.999999 -0.001441 0.000000,
0.000000 0.000000 0.000000 
0.000000 0.000000 0.000000,0.999999 -0.001458 0.000000,1.999999 -0.001458 0.000000,2.999999 -0.001458 0.000000,3.999999 -0.001458 0.000000,0.000000 0.000000 0.000000,-0.999999 -0.001458 0.000000,-1.999999 -0.001458 0.000000,-2.999999 -0.001458 0.000000,-3.999999 -0.001458 0.000000,
0.000000 0.000000 0.000000 
0.000000 0.000000 0.000000,0.999999 -0.001475 0.000000,1.999999 -0.001475 0.000000,2.999999 -0.001475 0.000000,3.999999 -0.001475 0.000000,0.000000 0.000000 0.000000,-0.999999 -0.001475 0.000000,-1.999999 -0.001475 0.000000,-2.999999 -0.001475 0.000000,-3.999999 -0.001475 0.000000,
0.000000 0.000000 0.000000 
0.000000 0.000000 0.000000,0.999999 -0.001492 0.000000,1.999999 -0.001492 0.000000,2.999999 -0.001492 0.000000,3.999999 -0.001492 0.000000,0.000000 0.000000 0.000000,-0.999999 -0.001492 0.000000,-1.999999 -0.001492 0.000000,-2.999999 -0.001492 0.000000,-3.999999 -0.001492 0.000000,
0.000000 0.000000 0.000000 
0.000000 0.000000 0.000000,0.999999 -0.001509 0.000000,1.999999 -0.001509 0.000000,2.999999 -0.001509 0.000000,3.999999 -0.001509 0.000000,0.000000 0.000000 0.000000,-0.999999 -0.001509 0.000000,-1.999999 -0.001509 0.000000,-2.999999 -0.001509 0.000000,-3.999999 -0.001509 0.000000,
0.000000 0.000000 0.000000 
0.000000 0.000000 0.000000,0.999999 -0.001526 0.000000,1.999999 -0.001526 0.000000,2.999999 -0.001526 0.000000,3.999999 -0.001526 0.000000,0.000000 0.000000 0.000000,-0.999999 -0.001526 0.000000,-1.999999 -0.001526 0.000000,-2.999999 -0.001526 0.000000,-3.999999 -0.001526 0.000000,
0.000000 0.000000 0.000000 
0.000000 0.000000 0.000000,0.999999 -0.001544 0.000000,1.999999 -0.001544 0.000000,2.999999 -0.001544 0.000000,3.999999 -0.001544 0.000000,0.000000 0.000000 0.000000,-0.999999 -0.001544 0.000000,-1.999999 -0.001544 0.000000,-2.999999 -0.001544 0.000000,-3.999999 -0.001544 0.000000,
0.000000 0.000000 0.000000 
0.000000 0.000000 0.000000,0.999999 -0.001561 0.000000,1.999999 -0.001561 0.000000,2.999999 -0.001561 0.000000,3.999999 -0.001561 0.000000,0.000000 0.000000 0.000000,-0.999999 -0.001561 0.000000,-1.999999 -0.001561 0.000000,-2.999999 -0.001561 0.000000,-3.999999 -0.001561 0.000000,
0.000000 0.000000 0.000000 
0.000000 0.000000 0.000000,0.999999 -0.001579 0.000000,1.999999 -0.001579 0.000000,2.999999 -0.001579 0.000000,3.999999 -0.001579 0.000000,0.000000 0.000000 0.000000,-0.999999 -0.001579 0.000000,-1.999999 -0.001579 0.000000,-2.999999 -0.001579 0.000000,-3.999999 -0.001579 0.000000,
0.000000 0.000000 0.000000 
0.000000 0.000000 0.000000,0.999999 -0.001596 0.000000,1.999999 -0.001596 0.000000,2.999999 -0.001596 0.000000,3.999999 -0.001596 0.000000,0.000000 0.000000 0.000000,-0.999999 -0.001596 0.000000,-1.999999 -0.001596 0.000000,-2.999999 -0.001596 0.000000,-3.999999 -0.001596 0.000000,
0.000000 0.000000 0.000000 
0.000000 0.000000 0.000000,0.999999 -0.001614 0.000000,1.999999 -0.001614 0.000000,2.999999 -0.001614 0.000000,3.999999 -0.001614 0.000000,0.000000 0.000000 0.000000,-0.999999 -0.001614 0.000000,-1.999999 -0.001614 0.000000,-2.999999 -0.001614 0.000000,-3.999999 -0.001614 0.000000,
0.000000 0.000000 0.000000 
0.000000 0.000000 0.000000,0.999999 -0.001632 0.000000,1.999999 -0.001632 0.000000,2.999999 -0.001632 0.000000,3.999999 -0.001632 0.000000,0.000000 0.000000 0.000000,-0.999999 -0.001632 0.000000,-1.999999 -0.001632 0.000000,-2.999999 -0.001632 0.000000,-3.999999 -0.001632 0.000000,
0.000000 0.000000 0.000000 
0.000000 0.000000 0.000000,0.999999 -0.001650 0.000000,1.999999 -0.001650 0.000000,2.999999 -0.001650 0.000000,3.999999 -0.001650 0.000000,0.000000 0.000000 0.000000,-0.999999 -0.001650 0.000000,-1.999999 -0.001650 0.000000,-2.999999 -0.001650 0.000000,-3.999999 -0.001650 0.000000,
0.000000 0.000000 0.000000 
0.000000 0.000000 0.000000,0.999999 -0.001668 0.000000,1.999999 -0.001668 0.000000,2.999999 -0.001668 0.000000,3.999999 -0.001668 0.000000,0.000000 0.000000 0.000000,-0.999999 -0.001668 0.000000,-1.999999 -0.001668 0.000000,-2.999999 -0.001668 0.000000,-3.999999 -0.001668 0.000000,
0.000000 0.000000 0.000000 
0.000000 0.000000 0.000000,0.999999 -0.001686 0.000000,1.999999 -0.001686 0.000000,2.999999 -0.001686 0.000000,3.999999 -0.001686 0.000000,0.000000 0.000000 0.000000,-0.999999 -0.001686 0.000000,-1.999999 -0.001686 0.000000,-2.999999 -0.001686 0.000000,-3.999999 -0.001686 0.000000,
0.000000 0.000000 0.000000 
0.000000 0.000000 0.000000,0.999999 -0.001704 0.000000,1.999999 -0.001704 0.000000,2.999999 -0.001704 0.000000,3.999999 -0.001704 0.000000,0.000000 0.000000 0.000000,-0.999999 -0.001704 0.000000,-1.999999 -0.001704 0.000000,-2.999999 -0.001704 0.000000,-3.999999 -0.001704 0.000000,
0.000000 0.000000 0.000000 
0.000000 0.000000 0.000000,0.999999 -0.001723 0.000000,1.999999 -0.001723 0.000000,2.999999 -0.001723 0.000000,3.999999 -0.001723 0.000000,0.000000 0.000000 0.000000,-0.999999 -0.001723 0.000000,-1.999999 -0.001723 0.000000,-2.999999 -0.001723 0.000000,-3.999999 -0.001723 0.000000,
0.000000 0.000000 0.000000 
0.000000 0.000000 0.000000,0.999999 -0.001741 0.000000,1.999999 -0.001741 0.000000,2.999999 -0.001741 0.000000,3.999999 -0.001741 0.000000,0.000000 0.000000 0.000000,-0.999999 -0.001741 0.000000,-1.999999 -0.001741 0.000000,-2.999999 -0.001741 0.000000,-3.999999 -0.001741 0.000000,
0.000000 0.000000 0.000000 
0.000000 0.000000 0.000000,0.999998 -0.001760 0.000000,1.999999 -0.001760 0.000000,2.999999 -0.001760 0.000000,3.999999 -0.001760 0.000000,0.000000 0.000000 0.000000,-0.999998 -0.001760 0.000000,-1.999999 -0.001760 0.000000,-2.999999 -0.001760 0.000000,-3.999999 -0.001760 0.000000,
0.000000 0.000000 0.000000 
0.000000 0.000000 0.000000,0.999998 -0.001778 0.000000,1.999998 -0.001778 0.000000,2.999999 -0.001778 0.000000,3.999999 -0.001778 0.000000,0.000000 0.000000 0.000000,-0.999998 -0.001778 0.000000,-1.999998 -0.001778 0.000000,-2.999999 -0.001778 0.000000,-3.999999 -0.001778 0.000000,
0.000000 0.000000 0.000000 
0.000000 0.000000 0.000000,0.999998 -0.001797 0.000000,1.999998 -0.001797 0.000000,2.999998 -0.001797 0.000000,3.999998 -0.001797 0.000000,0.000000 0.000000 0.000000,-0.999998 -0.001797 0.000000,-1.999998 -0.001797 0.000000,-2.999998 -0.001797 0.000000,-3.999998 -0.001797 0.000000,
0.000000 0.000000 0.000000 
0.000000 0.000000 0.000000,0.999998 -0.001816 0.000000,1.999998 -0.001816 0.000000,2.999998 -0.001816 0.000000,3.999998 -0.001816 0.000000,0.000000 0.000000 0.000000,-0.999998 -0.001816 0.000000,-1.999998 -0.001816 0.000000,-2.999998 -0.001816 0.000000,-3.999998 -0.001816 0.000000,
0.000000 0.000000 0.000000 
0.000000 0.000000 0.000000,0.999998 -0.001835 0.000000,1.999998 -0.001835 0.000000,2.999998 -0.001835 0.000000,3.999998 -0.001835 0.000000,0.000000 0.000000 0.000000,-0.999998 -0.001835 0.000000,-1.999998 -0.001835 0.000000,-2.999998 -0.001835 0.000000,-3.999998 -0.001835 0.000000,
0.000000 0.000000 0.000000 
0.000000 0.000000 0.000000,0.999998 -0.001854 0.000000,1.999998 -0.001854 0.000000,2.999998 -0.001854 0.000000,3.999998 -0.001854 0.000000,0.000000 0.000000 0.000000,-0.999998 -0.001854 0.000000,-1.999998 -0.001854 0.000000,-2.999998 -0.001854 0.000000,-3.999998 -0.001854 0.000000,
0.000000 0.000000 0.000000 
0.000000 0.000000 0.000000,0.999998 -0.001873 0.000000,1.999998 -0.001873 0.000000,2.999998 -0.001873 0.000000,3.999998 -0.001873 0.000000,0.000000 0.000000 0.000000,-0.999998 -0.001873 0.000000,-1.999998 -0.001873 0.000000,-2.999998 -0.001873 0.000000,-3.999998 -0.001873 0.000000,
0.000000 0.000000 0.000000 
0.000000 0.000000 0.000000,0.999998 -0.001892 0.000000,1.999998 -0.001892 0.000000,2.999998 -0.001892 0.000000,3.999998 -0.001892 0.000000,0.000000 0.000000 0.000000,-0.999998 -0.001892 0.000000,-1.999998 -0.001892 0.000000,-2.999998 -0.001892 0.000000,-3.999998 -0.001892 0.000000,
0.000000 0.000000 0.000000 
0.000000 0.000000 0.000000,0.999998 -0.001911 0.000000,1.999998 -0.001911 0.000000,2.999998 -0.001911 0.000000,3.999998 -0.001911 0.000000,0.000000 0.000000 0.000000,-0.999998 -0.001911 0.000000,-1.999998 -0.001911 0.000000,-2.999998 -0.001911 0.000000,-3.999998 -0.001911 0.000000,
0.000000 0.000000 0.000000 
0.000000 0.000000 0.000000,0.999998 -0.001931 0.000000,1.999998 -0.001931 0.000000,2.999998 -0.001931 0.000000,3.999998 -0.001931 0.000000,0.000000 0.000000 0.000000,-0.999998 -0.001931 0.000000,-1.999998 -0.001931 0.000000,-2.999998 -0.001931 0.000000,-3.999998 -0.001931 0.000000,

